00010010010000000000000000000000000000000000000000000000000000000
00000010010000011000100000001000000000000000000000000000000000000
00000100010100000000010000001101100000000000000000000100000111100
00000100010100000000010000001101100000000000000000000100001010100
00011010100000000000000000000000000000000000000000000000000000000
00000010010000011000100000001000001000000000000000000000000000000
00000100010100000000010000001101100000100000000000000100001000100
00000100010100000000010000001101100000100000000000000100001001100
00000100010100000000100000010000011000000000000000000100000100100
00000010010000011000100000001000010000000000000000000000000000000
00101100100010000000000000000000000001011110000000000000000000000
00101100100010000000000000000000000001011110000000000000000000000
00000010010000000100000100001100000000000000000000000000000000000
00000010010000011000001000001000000000000000000000000000000000000
00000010010000010000010000000010100000100000000000000000000000000
00000100010100000000010000000000000000100000000000000100000110100
00001010000000000000000000000000000111000000000000000000000000000
00001010001000000000000000000000000110000000000000000000000000000
00100100010100000110000000000000000000000000000000000100000000100
00100100010100000110000000000000000000000000000000001100000000100
00000010010000010110000100101100000000000000000000001000000000000
00000010010000010110000100100011000000100000000000000000000000000
00000010010000000100000100000010000000100000000000000000000000000
00000010000010000000100000000000011001000000000000000000000000000
00000010001010000000100000000000011000000000000000000000000000000
00001011001010000000000000000000000101000000000000000000000000000
00000100010100010000000001010000000000000000000000110100000101100
00000010010000011001000000000000000001000000000000000000000000000
00001011100010010010000000100000000101000000000000000000000000000
00001011101010000000000000000000000100000000000000000000000000000
00000010010000000101000010000000000001000000000000000000000000000
00000010010000011001000000000000000000000000000000000000000000000
01000000000000100000000000000000000000000000000000000000000000000
00001100001010000000000000000000000101000000000000000000000000000
00111101101100000000000000000000000001000000000000001001000000000
00000100000001000001000000000000000001000000000000000000000000000
00000101100000010000000001010000000000000000000011110000000000000
00001100101000000001000000000000000111000000000000000000000000000
00000010010000010000000001010000000000000000000101010000000000000
00000100010100010000000001010000000000000000000000010100000010100
00000000000000000000000000000000000000000000000000000000000010100
00000000000000000000000000000000000000000000000000000000000000000
00000000000000000000000000000000000000000000000000000000000000000
00000110101010000000000000000000000001000000010000000000000000000
00000100010100010000000001010000000000000000000000010100000001100
00001101101010000000000000000000000101000000000000000000000000000
00000010010000000000000000000000000000000000000000000000000000000
00110110001010000000000000000000000001000000000000001000000000001
00000100101010000000000000000000000001000000000000000000000000010
00001110001000000001000000000000000111000000000000000000000000000
00101100100000000000000000000000000000011111000000000000100000000
10000000000100000001000000000000000001000000000000000000010000000
00001110100010000000000000000000000101000000000000000000000000000
00001110101000000001000000000000000111000000000000000000000000000
00000010010000000101000010000000000001000000000000000000000000000
00000100010100000000000000000000000000000000100000000100000011100
00001111000010000000000000000000000101000000000000000000000000000
00101100100000000000000000000000000000011110000000000000100000000
00000011010000000101000010000000000001000000000000000000000000000
00000000000000000000000000000000000000000000000000000000000000000
00001111100010000000000000000000000101000000000000000000000000000
00101100100000000000000000000000000000011110000000000000100000000
00000111111000001001000000000000000001001000001000000000000000000
00101100110000010000000001010000000000000000000000110000000000000
